2
0
0
0
0
0
0
747
679
0
0
565
0
0
789
760
748
745
737
734
733
730
727
726
23
229
0
290
0
0
539
515
499
496
489
483
477
0
527
178
208
12
11
11
6
0
0
0
0
0
513
464
721
703
689
652
718
714
713
710
711
14
15
13
13
12
12
13
11
10
12
10
0
0
0
0
0
0
0
0
0
0
0
0
0
0
0
163
235
201
0
0
0
0
7
0
0
1023
1023
0
0
0
0
0
0
0
0
266
430
870
792
982
823
788
617
473
446
356
313
229
117
0
0
0
0
926
210
0
0
732
710
712
702
700
696
697
696
2
1
0
0
0
0
381
364
355
343
336
332
323
312
311
309
306
307
307
0
0
0
0
0
0
0
0
0
200
204
199
190
189
186
185
183
166
171
168
171
0
0
0
0
0
0
0